tree
version=v4
num_class=1
num_tree_per_iteration=1
label_index=0
max_feature_idx=9
objective=regression
feature_names=feature_0 feature_1 feature_2 feature_3 feature_4 feature_5 feature_6 feature_7 feature_8 feature_9
feature_infos=[-2.7032322929992372:2.5269324258736217] [-2.9403886346642802:2.5581992856682523] [-3.2412673400690726:2.5600845382687947] [-2.1988059566200819:2.6016831141803949] [-2.6197451040897444:2.6443433470170348] [-2.5910422921449099:3.1931075678448608] [-2.6968866429415717:2.403415585238275] [-2.4238793266289567:3.1377485336599946] [-2.650969808393012:3.0788808084552377] [-2.8722622132816493:3.8527314906547208]
tree_sizes=626 645 649 648 648 649 651 645 650 649 731 649 651 648 650 735 650 566 654 730 570 573 575 569 736 651 653 652 654 569 654 652 653 733 730 656 652 654 656 572 651 656 575 574 659 653 651 733 653 573 649 572 569 570 573 651 653 739 734 657 657 650 651 653 651 742 734 660 738 740 733 740 653 744 661 570 654 657 651 574 656 741 656 743 739 655 654 654 663 664 651 570 573 577 738 656 656 659 657 739

Tree=0
num_leaves=6
num_cat=0
split_feature=8 6 9 4 0
split_gain=254.515 165.458 99.3869 90.2559 40.0041
threshold=-0.54599136229516643 -0.26433549898023673 0.44615561411872778 0.16315430010522822 0.10122652774700015
decision_type=2 2 2 2 2
left_child=3 4 -3 -1 -2
right_child=1 2 -4 -5 -6
leaf_value=0.26269511319696903 0.3555975516140461 0.48273183504217554 0.60819535991107976 0.4111092248062293 0.45560267247259617
leaf_weight=20 20 38 27 21 20
leaf_count=20 20 38 27 21 20
internal_value=0.444358 0.48561 0.534847 0.338712 0.4056
internal_weight=146 105 65 41 40
internal_count=146 105 65 41 40
is_linear=0
shrinkage=1


Tree=1
num_leaves=6
num_cat=0
split_feature=8 6 9 9 0
split_gain=229.7 149.326 89.6966 54.2854 36.1037
threshold=-0.54599136229516643 -0.26433549898023673 0.44615561411872778 0.54464680589367209 0.10122652774700015
decision_type=2 2 2 2 2
left_child=3 4 -3 -1 -2
right_child=1 2 -4 -5 -6
leaf_value=-0.15015619563914481 -0.077968198023736487 0.042809370081675679 0.16199972055576467 -0.03505522715393454 0.017036666572093965
leaf_weight=21 20 38 27 20 20
leaf_count=21 20 38 27 20 20
internal_value=0.00635434 0.045544 0.0923192 -0.0940094 -0.0304658
internal_weight=146 105 65 41 40
internal_count=146 105 65 41 40
is_linear=0
shrinkage=0.05


Tree=2
num_leaves=6
num_cat=0
split_feature=8 6 4 9 0
split_gain=207.304 134.766 80.9659 80.9512 32.5836
threshold=-0.54599136229516643 -0.26433549898023673 0.16315430010522822 0.44615561411872778 0.10122652774700015
decision_type=2 2 2 2 2
left_child=2 4 -1 -3 -2
right_child=1 3 -4 -5 -6
leaf_value=-0.16130747587420047 -0.074069789852947002 0.040668899487507973 -0.020738848240026052 0.15389973410853633 0.016184831596910955
leaf_weight=20 20 38 21 27 20
leaf_count=20 20 38 21 27 20
internal_value=0.00603662 0.0432668 -0.0893089 0.0877032 -0.0289425
internal_weight=146 105 41 65 40
internal_count=146 105 41 65 40
is_linear=0
shrinkage=0.05


Tree=3
num_leaves=6
num_cat=0
split_feature=4 5 7 6 1
split_gain=184.592 126.071 101.126 76.8697 30.849
threshold=-0.44584297730777572 0.13546904780756616 -0.61053223770495524 -0.45999983525001575 0.095938981053092703
decision_type=2 2 2 2 2
left_child=1 -1 -2 -4 -5
right_child=2 -3 3 4 -6
leaf_value=-0.16111339097437652 -0.047824962468196952 0.010532186608761549 -0.0010506547915820894 0.060346246257667317 0.1373131940762202
leaf_weight=23 24 20 26 23 30
leaf_count=23 24 20 26 23 30
internal_value=0.00573479 -0.0812782 0.0420606 0.0693676 0.103912
internal_weight=146 43 103 79 53
internal_count=146 43 103 79 53
is_linear=0
shrinkage=0.05


Tree=4
num_leaves=6
num_cat=0
split_feature=8 6 9 9 0
split_gain=180.794 113.849 73.6444 47.7406 28.8887
threshold=-0.54599136229516643 -0.26433549898023673 0.44615561411872778 0.54464680589367209 0.10122652774700015
decision_type=2 2 2 2 2
left_child=3 4 -3 -1 -2
right_child=1 2 -4 -5 -6
leaf_value=-0.1362461878696368 -0.068644446646794685 0.036197410582711823 0.14419717347180402 -0.028306443560868502 0.016338881850242615
leaf_weight=21 20 38 27 20 20
leaf_count=21 20 38 27 20 20
internal_value=0.00544805 0.0402163 0.0810589 -0.0835927 -0.0261528
internal_weight=146 105 65 41 40
internal_count=146 105 65 41 40
is_linear=0
shrinkage=0.05


Tree=5
num_leaves=6
num_cat=0
split_feature=3 4 5 6 5
split_gain=190.546 115.652 104.176 63.9907 58.3751
threshold=0.9379282452022929 -0.18882431182941536 0.30041996137005228 -0.68227132361849663 -0.11031858078721309
decision_type=2 2 2 2 2
left_child=1 2 -1 -3 -5
right_child=-2 3 -4 4 -6
leaf_value=-0.13971776565802949 0.12758804404043728 -0.053555579164198466 0.0038961581885814667 0.00081133655002040255 0.10040917404528177
leaf_weight=28 28 21 23 31 28
leaf_count=28 28 21 23 31 28
internal_value=0.00919447 -0.016111 -0.0749507 0.0213993 0.0480781
internal_weight=159 131 51 80 59
internal_count=159 131 51 80 59
is_linear=0
shrinkage=0.05


Tree=6
num_leaves=6
num_cat=0
split_feature=3 4 5 6 5
split_gain=171.968 104.376 94.0191 57.7516 52.6835
threshold=0.9379282452022929 -0.18882431182941536 0.30041996137005228 -0.68227132361849663 -0.11031858078721309
decision_type=2 2 2 2 2
left_child=1 2 -1 -3 -5
right_child=-2 3 -4 4 -6
leaf_value=-0.13273187763988972 0.12120864234332528 -0.050877799980697185 0.0037013501576755358 0.00077077003135796521 0.095388718945572951
leaf_weight=28 28 21 23 31 28
leaf_count=28 28 21 23 31 28
internal_value=0.00873475 -0.0153055 -0.0712032 0.0203293 0.0456742
internal_weight=159 131 51 80 59
internal_count=159 131 51 80 59
is_linear=0
shrinkage=0.05


Tree=7
num_leaves=6
num_cat=0
split_feature=3 2 5 1 6
split_gain=155.201 84.4275 66.7358 66.4491 16.9143
threshold=0.9379282452022929 0.63327937351919183 -0.476704862485478 0.5700380129846615 -0.17713117266070152
decision_type=2 2 2 2 2
left_child=1 2 -1 -4 -3
right_child=-2 4 3 -5 -6
leaf_value=-0.10220934767276049 0.11514820962079936 0.013489449610933664 -0.051724442930303906 0.055952787318307419 0.078516980623826393
leaf_weight=30 28 20 38 23 20
leaf_count=30 28 20 38 23 20
internal_value=0.00829801 -0.0145402 -0.0411527 -0.0111248 0.0460032
internal_weight=159 131 91 61 40
internal_count=159 131 91 61 40
is_linear=0
shrinkage=0.05


Tree=8
num_leaves=6
num_cat=0
split_feature=3 4 5 8 5
split_gain=140.069 90.4556 81.5041 57.1953 32.2199
threshold=0.9379282452022929 -0.18882431182941536 0.30041996137005228 -0.63235352101954156 -0.15279347726455431
decision_type=2 2 2 2 2
left_child=1 2 -1 -3 -5
right_child=-2 3 -4 4 -6
leaf_value=-0.12313760678683008 0.10939079980765071 -0.051502926665402599 0.0038910677251608478 0.0057045797559632256 0.079698822016437215
leaf_weight=28 28 21 23 28 31
leaf_count=28 28 21 23 28 31
internal_value=0.00788311 -0.0138132 -0.0658502 0.0193604 0.0445829
internal_weight=159 131 51 80 59
internal_count=159 131 51 80 59
is_linear=0
shrinkage=0.05


Tree=9
num_leaves=6
num_cat=0
split_feature=3 4 5 8 6
split_gain=126.412 81.6362 73.5574 51.6187 43.8056
threshold=0.9379282452022929 -0.18882431182941536 0.30041996137005228 -0.63235352101954156 -0.26433549898023673
decision_type=2 2 2 2 2
left_child=1 2 -1 -3 -5
right_child=-2 3 -4 4 -6
leaf_value=-0.11698072712336267 0.10392125930104937 -0.04892777992534407 0.0036965134999026421 -0.011547145340591669 0.076790456388456135
leaf_weight=28 28 21 23 23 36
leaf_count=28 28 21 23 23 36
internal_value=0.00748895 -0.0131225 -0.0625577 0.0183924 0.0423538
internal_weight=159 131 51 80 59
internal_count=159 131 51 80 59
is_linear=0
shrinkage=0.05


Tree=10
num_leaves=7
num_cat=0
split_feature=5 1 9 3 8 7
split_gain=165.471 132.66 72.1226 51.2127 41.2366 30.5732
threshold=-1.0948773304761479 0.28337274941351642 0.86752765786487929 0.16054331713988723 -0.47960144745000971 -0.045665831783112107
decision_type=2 2 2 2 2 2
left_child=-1 2 4 -3 -2 -6
right_child=1 3 -4 -5 5 -7
leaf_value=-0.12383255399763585 -0.10923932897858322 0.025827744416892531 0.059058276638388633 0.13042648558318615 -0.063527994717217304 0.020815891515286195
leaf_weight=26 20 22 20 25 22 21
leaf_count=26 20 22 20 25 22 21
internal_value=-0.00868511 0.0143444 -0.0236639 0.0814654 -0.0499249 -0.0223368
internal_weight=156 130 83 47 63 43
internal_count=156 130 83 47 63 43
is_linear=0
shrinkage=0.05


Tree=11
num_leaves=6
num_cat=0
split_feature=5 1 9 8 9
split_gain=149.402 121.628 70.9715 45.6973 14.9829
threshold=-1.0187029228179476 0.28337274941351642 -0.053470711242552503 0.19081536654438752 0.85132753845485853
decision_type=2 2 2 2 2
left_child=-1 2 -2 -3 -4
right_child=1 3 4 -5 -6
leaf_value=-0.11064820474591748 -0.070312240521590672 0.034387040734291073 -0.0051167149181393064 0.13443646430969239 0.0546783946081996
leaf_weight=29 39 25 22 21 20
leaf_count=29 39 25 22 21 20
internal_value=-0.00825086 0.0151312 -0.0217429 0.0800618 0.0233571
internal_weight=156 127 81 46 42
internal_count=156 127 81 46 42
is_linear=0
shrinkage=0.05


Tree=12
num_leaves=6
num_cat=0
split_feature=5 1 9 7 9
split_gain=135.686 108.05 60.9491 46.3029 17.6932
threshold=-1.0948773304761479 0.28337274941351642 -0.053470711242552503 -0.14323352037145445 0.86752765786487929
decision_type=2 2 2 2 2
left_child=-1 2 -2 -3 -4
right_child=1 3 4 -5 -6
leaf_value=-0.11210851743817329 -0.066796627618038118 0.018371171539738065 -0.0098917116217004768 0.11819325231302243 0.053784760050475604
leaf_weight=26 39 21 24 26 20
leaf_count=26 39 21 24 26 20
internal_value=-0.00783831 0.0130157 -0.0212864 0.0735919 0.0190521
internal_weight=156 130 83 47 44
internal_count=156 130 83 47 44
is_linear=0
shrinkage=0.05


Tree=13
num_leaves=6
num_cat=0
split_feature=8 7 9 8 2
split_gain=134.428 93.2295 65.3663 54.8353 41.595
threshold=-0.42327220665070037 0.090938836482463523 0.40601699904274541 0.42837544121092652 0.052601104911993955
decision_type=2 2 2 2 2
left_child=2 4 -1 -3 -2
right_child=1 3 -4 -5 -6
leaf_value=-0.12159406070051522 -0.069856550576894189 0.022555932868272066 -0.013485462861825471 0.12836486683785917 0.02089049953834287
leaf_weight=29 23 24 27 25 28
leaf_count=29 23 24 27 25 28
internal_value=-0.0074464 0.027287 -0.0694703 0.0765401 -0.0200346
internal_weight=156 100 56 49 51
internal_count=156 100 56 49 51
is_linear=0
shrinkage=0.05


Tree=14
num_leaves=6
num_cat=0
split_feature=4 5 7 8 1
split_gain=124.738 85.8118 74.7178 53.3617 26.1877
threshold=-0.24590277610794622 -0.51061603764296615 -0.45565340474154897 -0.47960144745000971 0.44846295946048026
decision_type=2 2 2 2 2
left_child=1 -1 -2 -4 -5
right_child=2 -3 3 4 -6
leaf_value=-0.14298965869979427 -0.04347529696231639 -0.017648121331714922 -0.012640510441824085 0.051544202966936709 0.12485955714115077
leaf_weight=22 27 36 21 29 21
leaf_count=22 27 36 21 29 21
internal_value=-0.00707408 -0.0651915 0.0273219 0.0542448 0.0823367
internal_weight=156 58 98 71 50
internal_count=156 58 98 71 50
is_linear=0
shrinkage=0.05


Tree=15
num_leaves=7
num_cat=0
split_feature=9 1 6 3 9 4
split_gain=115.247 103.219 67.3771 48.7084 44.5435 38.0717
threshold=-0.87044326996788401 0.095938981053092703 -0.24450826217084096 0.16054331713988723 0.98829560984475029 -0.023653675461537561
decision_type=2 2 2 2 2 2
left_child=-1 4 -3 -4 5 -2
right_child=1 2 3 -5 -6 -7
leaf_value=-0.11296782335709959 -0.093736751094736448 -0.005632582787424326 0.043828826777171342 0.15417877554893494 0.032482130368324841 -0.0089670650374430883
leaf_weight=21 27 25 20 20 22 26
leaf_count=21 27 25 20 20 22 26
internal_value=-0.00374171 0.0126422 0.058759 0.0990038 -0.0273257 -0.0521516
internal_weight=161 140 65 40 75 53
internal_count=161 140 65 40 75 53
is_linear=0
shrinkage=0.05


Tree=16
num_leaves=6
num_cat=0
split_feature=4 9 3 6 6
split_gain=109.98 99.3879 94.0513 33.3734 31.6168
threshold=0.54605715478692607 -0.5494798821822714 -0.4846092320380862 0.25488469790422458 -0.24450826217084096
decision_type=2 2 2 2 2
left_child=1 -1 -3 -2 -4
right_child=3 2 4 -5 -6
leaf_value=-0.10756376877487187 0.024648777025962069 -0.079812752082943916 -0.013316187392920257 0.10749241784214975 0.066353836610461722
leaf_weight=31 31 26 20 20 33
leaf_count=31 31 26 20 20 33
internal_value=-0.00355463 -0.0316932 -0.00192125 0.0571365 0.0362897
internal_weight=161 110 79 51 53
internal_count=161 110 79 51 53
is_linear=0
shrinkage=0.05


Tree=17
num_leaves=5
num_cat=0
split_feature=1 9 4 8
split_gain=103.321 85.2348 66.1903 56.4375
threshold=0.28337274941351642 0.98829560984475029 -0.23031613331243134 0.26355740789669246
decision_type=2 2 2 2
left_child=1 2 -1 -2
right_child=3 -3 -4 -5
leaf_value=-0.11960595266953591 0.005183384510187003 0.044119539329161246 -0.02172390246907106 0.098225552941273372
leaf_weight=31 39 24 39 28
leaf_count=31 39 24 39 28
internal_value=-0.0033769 -0.0371931 -0.0650717 0.0440667
internal_weight=161 94 70 67
internal_count=161 94 70 67
is_linear=0
shrinkage=0.05


Tree=18
num_leaves=6
num_cat=0
split_feature=8 2 4 1 3
split_gain=97.8798 68.021 63.2331 50.1388 37.7761
threshold=-0.42327220665070037 0.63839066173497094 0.54605715478692607 0.095938981053092703 0.24683385370618136
decision_type=2 2 2 2 2
left_child=3 2 4 -1 -2
right_child=1 -3 -4 -5 -6
leaf_value=-0.097803162090713158 -0.072376904751245794 0.093386785085830426 0.067202454887330537 -0.0010200504051602406 0.011320037368152824
leaf_weight=32 26 27 25 23 28
leaf_count=32 26 27 25 23 28
internal_value=-0.00320805 0.0248742 0.00145852 -0.0573302 -0.0289785
internal_weight=161 106 79 55 54
internal_count=161 106 79 55 54
is_linear=0
shrinkage=0.05


Tree=19
num_leaves=7
num_cat=0
split_feature=9 1 6 5 3 0
split_gain=89.8334 78.918 53.023 45.938 39.6603 17.5931
threshold=-0.87044326996788401 0.095938981053092703 -0.24450826217084096 0.10867640870088148 0.16054331713988723 0.17879757604336619
decision_type=2 2 2 2 2 2
left_child=-1 3 -3 -2 -4 -5
right_child=1 2 4 5 -6 -7
leaf_value=-0.099481712228485522 -0.067676516258242461 -0.005380399856716395 0.037656008303165435 -0.022784169111400843 0.13723051868379119 0.042010562058368867
leaf_weight=21 33 25 20 20 20 22
leaf_count=21 33 25 20 20 20 22
internal_value=-0.00304765 0.0114175 0.0517419 -0.0235303 0.0874433 0.0111559
internal_weight=161 140 65 75 40 42
internal_count=161 140 65 75 40 42
is_linear=0
shrinkage=0.05


Tree=20
num_leaves=5
num_cat=0
split_feature=9 2 0 6
split_gain=118.317 77.7193 44.379 23.108
threshold=-0.87044326996788401 0.63839066173497094 0.30792615419808073 -0.24450826217084096
decision_type=2 2 2 2
left_child=-1 2 3 -2
right_child=1 -3 -4 -5
leaf_value=-0.10871570297855547 -0.065572949241946593 0.078070769730854694 0.03918145478648298 -0.0050094840634200312
leaf_weight=22 28 37 34 36
leaf_count=22 28 37 34 36
internal_value=-0.00119326 0.0163289 -0.00698178 -0.031506
internal_weight=157 135 98 64
internal_count=157 135 98 64
is_linear=0
shrinkage=0.05


Tree=21
num_leaves=5
num_cat=0
split_feature=9 2 1 6
split_gain=106.781 70.1416 50.8186 42.2938
threshold=-0.87044326996788401 0.63839066173497094 -0.5613239080456186 1.0000000180025095e-35
decision_type=2 2 2 2
left_child=-1 2 -2 -4
right_child=1 -3 3 -5
leaf_value=-0.10327991846610199 -0.066549419181851241 0.074167229768794946 -0.020246716598287608 0.056663727782892463
leaf_weight=22 26 37 39 33
leaf_count=22 26 37 39 33
internal_value=-0.0011336 0.0155125 -0.00663269 0.0150039
internal_weight=157 135 98 72
internal_count=157 135 98 72
is_linear=0
shrinkage=0.05


Tree=22
num_leaves=5
num_cat=0
split_feature=9 2 1 6
split_gain=96.3699 63.3028 45.8638 38.1702
threshold=-0.87044326996788401 0.63839066173497094 -0.5613239080456186 1.0000000180025095e-35
decision_type=2 2 2 2
left_child=-1 2 -2 -4
right_child=1 -3 3 -5
leaf_value=-0.098115921054374097 -0.063221948679823142 0.070458868505257011 -0.019234380498528481 0.053830541783210006
leaf_weight=22 26 37 39 33
leaf_count=22 26 37 39 33
internal_value=-0.00107692 0.0147368 -0.00630106 0.0142537
internal_weight=157 135 98 72
internal_count=157 135 98 72
is_linear=0
shrinkage=0.05


Tree=23
num_leaves=5
num_cat=0
split_feature=9 2 0 6
split_gain=86.9738 57.1308 37.7623 18.8206
threshold=-0.87044326996788401 0.63839066173497094 0.30792615419808073 -0.24450826217084096
decision_type=2 2 2 2
left_child=-1 2 3 -2
right_child=1 -3 -4 -5
leaf_value=-0.093210125579075376 -0.059352852377508369 0.066935925522970188 0.036597063644405674 -0.0046957989863585688
leaf_weight=22 28 37 34 36
leaf_count=22 28 37 34 36
internal_value=-0.00102307 0.014 -0.005986 -0.0286083
internal_weight=157 135 98 64
internal_count=157 135 98 64
is_linear=0
shrinkage=0.05


Tree=24
num_leaves=7
num_cat=0
split_feature=9 4 0 8 4 0
split_gain=81.7054 63.6558 34.9492 26.1523 18.2203 18.1309
threshold=-0.21078200449219345 -0.44584297730777572 -0.085877667947008351 0.056966815367347261 0.24228376000015472 0.10122652774700015
decision_type=2 2 2 2 2 2
left_child=1 -1 4 -4 -2 -3
right_child=2 5 3 -5 -6 -7
leaf_value=-0.11364323429085993 -0.031713403193280101 -0.040663676864157124 0.018936812428696811 0.092130225896835338 0.032314412174746392 0.025855590477585795
leaf_weight=22 25 21 23 26 20 20
leaf_count=22 25 21 23 26 20 20
internal_value=-0.000971916 -0.0450314 0.0285573 0.0577741 -0.0032566 -0.00821525
internal_weight=157 63 94 49 45 41
internal_count=157 63 94 49 45 41
is_linear=0
shrinkage=0.05


Tree=25
num_leaves=6
num_cat=0
split_feature=8 9 0 7 2
split_gain=80.6338 48.5943 39.8066 24.0899 36.8759
threshold=-0.42327220665070037 0.40601699904274541 -0.29468738613776796 -0.085584269725811318 -0.02855393123849061
decision_type=2 2 2 2 2
left_child=1 -1 -2 -4 -5
right_child=2 -3 3 4 -6
leaf_value=-0.094800552413133649 -0.025753583027808752 0.0072438922012224797 0.01219815481454134 0.019837949257344008 0.11266965610177622
leaf_weight=28 27 20 32 20 23
leaf_count=28 27 20 32 20 23
internal_value=0.00115745 -0.052282 0.0263054 0.0450467 0.0694921
internal_weight=150 48 102 75 43
internal_count=150 48 102 75 43
is_linear=0
shrinkage=0.05


Tree=26
num_leaves=6
num_cat=0
split_feature=8 9 0 3 6
split_gain=72.772 43.8564 35.9254 35.3016 10.1935
threshold=-0.42327220665070037 0.40601699904274541 -0.29468738613776796 0.4077554097752199 1.0000000180025095e-35
decision_type=2 2 2 2 2
left_child=1 -1 -2 4 -4
right_child=2 -3 3 -5 -6
leaf_value=-0.090060524269938477 -0.024465903701881567 0.0068816983606666332 -0.011715037969961054 0.082558868639171126 0.036986768465827817
leaf_weight=28 27 20 21 32 22
leaf_count=28 27 20 21 32 22
internal_value=0.00109958 -0.0496679 0.0249902 0.0427944 0.0132022
internal_weight=150 48 102 75 43
internal_count=150 48 102 75 43
is_linear=0
shrinkage=0.05


Tree=27
num_leaves=6
num_cat=0
split_feature=8 9 0 7 2
split_gain=65.6767 39.5804 32.4227 21.4609 32.9261
threshold=-0.42327220665070037 0.40601699904274541 -0.29468738613776796 -0.085584269725811318 -0.02855393123849061
decision_type=2 2 2 2 2
left_child=1 -1 -2 -4 -5
right_child=2 -3 3 4 -6
leaf_value=-0.08555749750563077 -0.023242608361222127 0.0065376133751124145 0.0096502870554104458 0.016807974334806203 0.10452736353339709
leaf_weight=28 27 20 32 20 23
leaf_count=28 27 20 32 20 23
internal_value=0.0010446 -0.0471845 0.0237407 0.0406546 0.0637276
internal_weight=150 48 102 75 43
internal_count=150 48 102 75 43
is_linear=0
shrinkage=0.05


Tree=28
num_leaves=6
num_cat=0
split_feature=8 9 0 3 6
split_gain=59.2732 35.7213 29.2615 31.3439 9.11663
threshold=-0.42327220665070037 0.40601699904274541 -0.29468738613776796 0.4077554097752199 1.0000000180025095e-35
decision_type=2 2 2 2 2
left_child=1 -1 -2 4 -4
right_child=2 -3 3 -5 -6
leaf_value=-0.081279623056096706 -0.022080478023875645 0.0062107323296368127 -0.012826499972669853 0.076091178483329719 0.033230997431515294
leaf_weight=28 27 20 21 32 22
leaf_count=28 27 20 21 32 22
internal_value=0.00099237 -0.0448253 0.0225536 0.0386219 0.0107378
internal_weight=150 48 102 75 43
internal_count=150 48 102 75 43
is_linear=0
shrinkage=0.05


Tree=29
num_leaves=5
num_cat=0
split_feature=1 4 3 9
split_gain=60.9159 44.8891 25.7438 20.163
threshold=0.21207313837254302 -0.24590277610794622 0.4077554097752199 0.17499900215754285
decision_type=2 2 2 2
left_child=1 -1 -2 -3
right_child=2 3 -4 -5
leaf_value=-0.075898686305930219 0.012489148425177121 -0.030106881610117854 0.077486307121813314 0.029897552928222076
leaf_weight=30 39 28 25 28
leaf_count=30 39 28 25 28
internal_value=0.000942751 -0.0265444 0.0378787 -0.000104664
internal_weight=150 86 64 56
internal_count=150 86 64 56
is_linear=0
shrinkage=0.05


Tree=30
num_leaves=6
num_cat=0
split_feature=3 5 6 1 0
split_gain=50.5538 41.0123 30.9441 24.9134 6.44216
threshold=0.89588184640498669 -0.70876392157612755 -0.78551852212223794 0.095938981053092703 0.10122652774700015
decision_type=2 2 2 2 2
left_child=1 -1 -3 4 -4
right_child=-2 2 3 -5 -6
leaf_value=-0.05400748730430173 0.059898387800956909 -0.039613683834671981 -0.018426287821715789 0.061868749558925629 0.019494454741652591
leaf_weight=36 34 25 21 28 24
leaf_count=36 34 25 21 28 24
internal_value=0.00544746 -0.00836845 0.00839692 0.0248389 0.00179811
internal_weight=168 134 98 73 45
internal_count=168 134 98 73 45
is_linear=0
shrinkage=0.05


Tree=31
num_leaves=6
num_cat=0
split_feature=6 5 2 3 5
split_gain=48.1529 47.1729 30.7871 31.6467 12.961
threshold=0.51431768688918822 -0.70876392157612755 -0.25427774992133906 0.4077554097752199 -0.28088768487636445
decision_type=2 2 2 2 2
left_child=1 -1 -3 -4 -2
right_child=4 2 3 -5 -6
leaf_value=-0.065881274649873381 0.021304409668537912 -0.034043347967728496 0.00067514636529943887 0.076807304116941644 0.073829632438719275
leaf_weight=30 23 31 39 21 24
leaf_count=30 23 31 39 21 24
internal_value=0.00517509 -0.0115082 0.00641693 0.0273214 0.0481258
internal_weight=168 121 91 60 47
internal_count=168 121 91 60 47
is_linear=0
shrinkage=0.05


Tree=32
num_leaves=6
num_cat=0
split_feature=6 7 2 4 0
split_gain=45.4537 48.3415 28.7858 23.2097 24.4489
threshold=-0.99981677845024264 -0.75321612780497038 0.63327937351919183 -0.38215746460160521 0.30792615419808073
decision_type=2 2 2 2 2
left_child=-1 -2 3 -3 -5
right_child=1 2 -4 4 -6
leaf_value=-0.053238372518015768 -0.049719398403945181 -0.021511983823288103 0.071808359893038867 0.005997545798035229 0.071910196581544975
leaf_weight=28 23 29 30 34 24
leaf_count=28 23 29 30 34 24
internal_value=0.00491633 0.0165473 0.0295741 0.0150105 0.0332717
internal_weight=168 140 117 87 58
internal_count=168 140 117 87 58
is_linear=0
shrinkage=0.05


Tree=33
num_leaves=7
num_cat=0
split_feature=8 7 6 2 3 7
split_gain=43.3101 42.5667 41.2043 19.405 10.9512 11.3118
threshold=-0.89775812666165555 -0.75321612780497038 -0.68227132361849663 -0.50697985439899773 0.70865380239478815 0.6329917431183737
decision_type=2 2 2 2 2 2
left_child=-1 -2 -3 -4 5 -5
right_child=1 2 3 4 -6 -7
leaf_value=-0.062496929438341231 -0.046644761832430964 -0.022650793340289965 0.0095518697237852845 0.019861050724813884 0.089554838296026007 0.071816891238559041
leaf_weight=21 24 32 29 22 20 20
leaf_count=21 24 32 29 22 20 20
internal_value=0.00467052 0.0142659 0.0261509 0.0433119 0.0591029 0.0446019
internal_weight=168 147 123 91 62 42
internal_count=168 147 123 91 62 42
is_linear=0
shrinkage=0.05


Tree=34
num_leaves=7
num_cat=0
split_feature=8 3 7 2 3 8
split_gain=39.0873 40.2385 32.9551 38.119 8.8622 7.1502
threshold=-0.89775812666165555 0.61047800535864416 0.290393031021634 0.25925531247793138 -0.67957297975495501 0.50244140064858323
decision_type=2 2 2 2 2 2
left_child=-1 2 3 -2 -4 -3
right_child=1 5 4 -5 -6 -7
leaf_value=-0.059372082654209374 -0.062809021842515314 0.032558488109233702 0.0016946800705045463 0.022869696401314633 0.045607641304808634 0.072429762695632546
leaf_weight=21 34 22 20 21 27 23
leaf_count=21 34 22 20 21 27 23
internal_value=0.00443699 0.0135526 -0.00382297 -0.0300953 0.0269213 0.0529371
internal_weight=168 147 102 55 47 45
internal_count=168 147 102 55 47 45
is_linear=0
shrinkage=0.05


Tree=35
num_leaves=6
num_cat=0
split_feature=4 5 0 9 6
split_gain=52.189 48.5389 30.6695 17.7305 5.75243
threshold=-0.24590277610794622 -0.49775681337292449 0.30792615419808073 0.64474271319467047 0.065635368160167365
decision_type=2 2 2 2 2
left_child=1 -1 3 4 -2
right_child=2 -3 -4 -5 -6
leaf_value=-0.10028960884294727 -0.040659876107903468 -0.0065056403104618594 0.053953032950694507 0.034113053463044621 -0.0036514167895629296
leaf_weight=22 21 37 37 21 21
leaf_count=22 21 37 37 21 21
internal_value=-0.00418227 -0.0414759 0.017821 -0.00339941 -0.0221556
internal_weight=159 59 100 63 42
internal_count=159 59 100 63 42
is_linear=0
shrinkage=0.05


Tree=36
num_leaves=6
num_cat=0
split_feature=7 6 2 9 2
split_gain=50.0918 49.5731 25.901 20.989 9.39558
threshold=-0.67032294403789983 -0.99981677845024264 0.63327937351919183 -0.51626416573124689 -0.1248327245305791
decision_type=2 2 2 2 2
left_child=-1 -2 3 -3 -5
right_child=1 2 -4 4 -6
leaf_value=-0.055847906128555128 -0.060825399196182843 -0.032271199083576604 0.067263382326604601 0.010866999333458287 0.053826982378959658
leaf_weight=36 20 21 27 35 20
leaf_count=36 20 21 27 35 20
internal_value=-0.00397316 0.0112097 0.0251971 0.0102525 0.0264888
internal_weight=159 123 103 76 55
internal_count=159 123 103 76 55
is_linear=0
shrinkage=0.05


Tree=37
num_leaves=6
num_cat=0
split_feature=8 7 6 2 9
split_gain=47.6453 44.8837 30.5625 15.7889 14.0906
threshold=-0.89775812666165555 -0.67032294403789983 -0.68227132361849663 -0.1248327245305791 0.19547561438371558
decision_type=2 2 2 2 2
left_child=-1 -2 -3 -4 -5
right_child=1 2 3 4 -6
leaf_value=-0.072076055983250786 -0.048035342072875339 -0.019895968177626212 0.012756498366114545 0.030213318807496267 0.086803200078958823
leaf_weight=22 29 31 33 22 22
leaf_count=22 29 31 33 22 22
internal_value=-0.0037745 0.00719363 0.0220236 0.0389004 0.0585083
internal_weight=159 137 108 77 44
internal_count=159 137 108 77 44
is_linear=0
shrinkage=0.05


Tree=38
num_leaves=6
num_cat=0
split_feature=4 5 0 2 7
split_gain=45.8334 40.6603 26.511 16.7195 6.13431
threshold=-0.24590277610794622 -0.49775681337292449 0.30792615419808073 0.35356261238506298 0.1856452192321508
decision_type=2 2 2 2 2
left_child=1 -1 3 4 -2
right_child=2 -3 -4 -5 -6
leaf_value=-0.092364203366874301 -0.040437491291335656 -0.0065283023802613889 0.050627492348084585 0.032468352026560086 -0.0017455986374989151
leaf_weight=22 21 37 37 22 20
leaf_count=22 21 37 37 22 20
internal_value=-0.00358577 -0.0385349 0.0170342 -0.00269517 -0.0215634
internal_weight=159 59 100 63 41
internal_count=159 59 100 63 41
is_linear=0
shrinkage=0.05


Tree=39
num_leaves=5
num_cat=0
split_feature=5 2 4 0
split_gain=42.3357 36.8056 20.1593 13.2746
threshold=-0.79488404386641032 0.42240627993606988 -0.18882431182941536 0.17879757604336619
decision_type=2 2 2 2
left_child=-1 2 -2 -4
right_child=1 -3 3 -5
leaf_value=-0.05025586436779516 -0.038893867537262851 0.051633381118115634 -0.010088067503917652 0.041046051918105647
leaf_weight=37 32 38 30 22
leaf_count=37 32 38 30 22
internal_value=-0.00340649 0.0108019 -0.00766944 0.0115456
internal_weight=159 122 84 52
internal_count=159 122 84 52
is_linear=0
shrinkage=0.05


Tree=40
num_leaves=6
num_cat=0
split_feature=8 9 9 1 4
split_gain=50.1334 43.4971 21.0162 20.3292 5.82578
threshold=-0.89775812666165555 -0.5494798821822714 1.0488763493098834 0.49055315082708467 0.16315430010522822
decision_type=2 2 2 2 2
left_child=-1 -2 3 4 -3
right_child=1 2 -4 -5 -6
leaf_value=-0.078063205899088647 -0.043035537647930062 -0.02188365074961136 0.06630517439070073 0.045279928988644053 0.012453324738002959
leaf_weight=20 33 30 22 28 21
leaf_count=20 33 30 22 28 21
internal_value=-0.00421997 0.00680141 0.0230848 0.0110487 -0.0077449
internal_weight=154 134 101 79 51
internal_count=154 134 101 79 51
is_linear=0
shrinkage=0.05


Tree=41
num_leaves=6
num_cat=0
split_feature=6 9 1 6 2
split_gain=53.8368 39.7149 16.4779 11.4874 8.39987
threshold=0.51431768688918822 -0.77565725462888946 -0.50452283143810339 -0.87213540074254259 0.12763358858957993
decision_type=2 2 2 2 2
left_child=1 -1 -3 -4 -5
right_child=-2 2 3 4 -6
leaf_value=-0.076516566887497917 0.048561443243729505 -0.03743997339957527 -0.021763911515119531 0.0027442525492717878 0.047050169517751789
leaf_weight=25 37 28 21 23 20
leaf_count=25 37 28 21 23 20
internal_value=-0.00400897 -0.0206338 -0.00544826 0.00854811 0.0233517
internal_weight=154 117 92 64 43
internal_count=154 117 92 64 43
is_linear=0
shrinkage=0.05


Tree=42
num_leaves=5
num_cat=0
split_feature=6 9 1 3
split_gain=48.5877 35.8427 14.8713 11.1959
threshold=0.51431768688918822 -0.77565725462888946 -0.50452283143810339 -0.15377055813104787
decision_type=2 2 2 2
left_child=1 -1 -3 -4
right_child=-2 2 3 -5
leaf_value=-0.072690740365535023 0.046133370747840081 -0.035567974506661167 -0.015592051237555488 0.026563959813857865
leaf_weight=25 37 28 28 36
leaf_count=25 37 28 28 36
internal_value=-0.00380852 -0.0196021 -0.00517585 0.0081207
internal_weight=154 117 92 64
internal_count=154 117 92 64
is_linear=0
shrinkage=0.05


Tree=43
num_leaves=5
num_cat=0
split_feature=6 9 1 3
split_gain=43.8504 32.3481 13.4213 10.1043
threshold=0.51431768688918822 -0.77565725462888946 -0.50452283143810339 -0.15377055813104787
decision_type=2 2 2 2
left_child=1 -1 -3 -4
right_child=-2 2 3 -5
leaf_value=-0.069056201770901687 0.043826702074777041 -0.033789575898221562 -0.014812448421227082 0.02523576157529735
leaf_weight=25 37 28 28 36
leaf_count=25 37 28 28 36
internal_value=-0.00361809 -0.018622 -0.00491706 0.00771467
internal_weight=154 117 92 64
internal_count=154 117 92 64
is_linear=0
shrinkage=0.05


Tree=44
num_leaves=6
num_cat=0
split_feature=8 9 2 1 0
split_gain=42.9341 33.2342 19.7781 17.1799 9.70241
threshold=-0.89775812666165555 0.074696310398215768 -0.34270105530355904 -0.54902232878446267 -0.052178855134359652
decision_type=2 2 2 2 2
left_child=-1 2 -2 -3 -5
right_child=1 3 -4 4 -6
leaf_value=-0.071772961420938378 -0.052882417026334089 -0.0060164049987427217 0.0037119605725533088 0.023904639487180093 0.068902988582849503
leaf_weight=20 26 22 38 23 25
leaf_count=20 26 22 38 23 25
internal_value=-0.00343719 0.00676218 -0.0192795 0.0305717 0.0473413
internal_weight=154 134 64 70 48
internal_count=154 134 64 70 48
is_linear=0
shrinkage=0.05


Tree=45
num_leaves=6
num_cat=0
split_feature=5 4 8 6 2
split_gain=54.7522 31.0376 23.4699 17.4847 8.62517
threshold=0.10867640870088148 -0.18882431182941536 0.55548577348289541 0.22311312672206479 0.076313224626990861
decision_type=2 2 2 2 2
left_child=1 -1 4 -3 -2
right_child=2 3 -4 -5 -6
leaf_value=-0.067105005611665547 -0.0081991834064515743 -0.030466084951354611 0.072725924930494776 0.025734683331102133 0.034338746270672842
leaf_weight=32 26 31 23 25 22
leaf_count=32 26 31 23 25 22
internal_value=-0.00146838 -0.0278232 0.0311968 -0.00537646 0.0112974
internal_weight=159 88 71 56 48
internal_count=159 88 71 56 48
is_linear=0
shrinkage=0.05


Tree=46
num_leaves=6
num_cat=0
split_feature=5 4 0 8 2
split_gain=49.5642 28.114 29.2979 26.3325 7.67026
threshold=0.23629185763565272 0.54605715478692607 0.20174610904112131 0.55548577348289541 0.076313224626990861
decision_type=2 2 2 2 2
left_child=1 2 -1 4 -2
right_child=3 -3 -4 -5 -6
leaf_value=-0.077442916901782163 -0.0082954004015773544 0.014926037287029129 -0.0092400031795184454 0.077974759077741984 0.033247456736862656
leaf_weight=32 25 30 31 21 20
leaf_count=32 25 30 31 21 20
internal_value=-0.00139496 -0.0249122 -0.0438828 0.0317429 0.0101681
internal_weight=159 93 63 66 45
internal_count=159 93 63 66 45
is_linear=0
shrinkage=0.05


Tree=47
num_leaves=7
num_cat=0
split_feature=5 3 1 0 3 6
split_gain=44.9539 28.0055 21.6346 18.2847 8.92859 6.99787
threshold=0.10867640870088148 0.76985824797947133 0.37645805247457781 -0.34221841684899362 0.33740704005179606 0.09822093142153214
decision_type=2 2 2 2 2 2
left_child=1 3 4 -1 -2 -5
right_child=2 -3 -4 5 -6 -7
leaf_value=-0.081038717175397332 -0.011893251594156027 0.025176658525708176 0.066897202904025718 -0.042056821443140512 0.03178136938738383 -0.0033915894021364773
leaf_weight=20 25 21 24 25 22 22
leaf_count=20 25 21 24 25 22 22
internal_value=-0.00132521 -0.0252057 0.0282731 -0.0409972 0.00855019 -0.0239582
internal_weight=159 88 71 67 47 47
internal_count=159 88 71 67 47 47
is_linear=0
shrinkage=0.05


Tree=48
num_leaves=6
num_cat=0
split_feature=5 4 1 6 4
split_gain=40.5709 26.6043 19.5252 14.018 10.8122
threshold=0.10867640870088148 -0.18882431182941536 0.37645805247457781 0.22311312672206479 -0.023653675461537561
decision_type=2 2 2 2 2
left_child=1 -1 4 -3 -2
right_child=2 3 -4 -5 -6
leaf_value=-0.060313766302715524 -0.012517378389559412 -0.025628602328980645 0.063552342603603998 0.024693286135792733 0.035986755103804169
leaf_weight=32 27 31 24 25 20
leaf_count=32 27 31 24 25 20
internal_value=-0.00125895 -0.0239454 0.0268595 -0.00316347 0.00812268
internal_weight=159 88 71 56 47
internal_count=159 88 71 56 47
is_linear=0
shrinkage=0.05


Tree=49
num_leaves=5
num_cat=0
split_feature=8 4 7 1
split_gain=38.6824 31.2348 27.5179 15.0774
threshold=0.42837544121092652 -0.44584297730777572 0.090938836482463523 0.21207313837254302
decision_type=2 2 2 2
left_child=1 -1 -2 -3
right_child=2 3 -4 -5
leaf_value=-0.061667552609146851 -0.0043005215357490153 -0.023932318764531779 0.064620505695541702 0.022496844889760458
leaf_weight=31 28 36 30 34
leaf_count=31 28 36 30 34
internal_value=-0.001196 -0.0198848 0.0313483 -0.00138101
internal_weight=159 101 58 70
internal_count=159 101 58 70
is_linear=0
shrinkage=0.05


Tree=50
num_leaves=6
num_cat=0
split_feature=1 5 6 5 3
split_gain=41.6159 52.2569 20.9875 9.71243 9.0462
threshold=0.095938981053092703 -0.51061603764296615 -0.82892638494837001 -0.11031858078721309 0.50244549523115078
decision_type=2 2 2 2 2
left_child=1 -1 -2 -4 -3
right_child=2 4 3 -5 -6
leaf_value=-0.09061435541980678 -0.012225127202414331 -0.013986029590755192 0.028586481087680523 0.073235333036808736 0.027993083774067819
leaf_weight=21 21 33 29 21 21
leaf_count=21 21 33 29 21 21
internal_value=0.00228518 -0.0236878 0.0297214 0.047339 0.00233918
internal_weight=146 75 71 50 54
internal_count=146 75 71 50 54
is_linear=0
shrinkage=0.05


Tree=51
num_leaves=5
num_cat=0
split_feature=1 5 7 2
split_gain=37.5584 47.1618 19.6681 11.8158
threshold=0.095938981053092703 -0.51061603764296615 0.16415145938868345 -0.23271607285812076
decision_type=2 2 2 2
left_child=1 -1 -2 -3
right_child=2 3 -4 -5
leaf_value=-0.086083636548192732 -4.1051683100787077e-06 -0.023927016402982795 0.05275912310339903 0.023141612997278571
leaf_weight=21 33 24 38 30
leaf_count=21 33 24 38 30
internal_value=0.00217092 -0.0225034 0.0282354 0.00222222
internal_weight=146 75 71 54
internal_count=146 75 71 54
is_linear=0
shrinkage=0.05


Tree=52
num_leaves=5
num_cat=0
split_feature=7 8 1 9
split_gain=35.6311 24.3687 18.107 7.05395
threshold=-0.67032294403789983 -0.72651789902524244 0.44846295946048026 0.34649617881435429
decision_type=2 2 2 2
left_child=-1 -2 3 -3
right_child=1 2 -4 -5
leaf_value=-0.039579303180308723 -0.03310561660677195 -0.011004704396085193 0.054664591740112047 0.026250221010263045
leaf_weight=38 20 24 37 27
leaf_count=38 20 24 37 27
internal_value=0.00206238 0.0167141 0.0280367 0.00871849
internal_weight=146 108 88 51
internal_count=146 108 88 51
is_linear=0
shrinkage=0.05


Tree=53
num_leaves=5
num_cat=0
split_feature=7 8 9 5
split_gain=32.1571 23.1942 21.533 17.1299
threshold=-0.67032294403789983 0.97561134375916569 1.0488763493098834 -0.24514684708746035
decision_type=2 2 2 2
left_child=-1 2 3 -2
right_child=1 -3 -4 -5
leaf_value=-0.037600338851150716 -0.038309552538176556 0.063040941120596564 0.048592882784682198 0.013014359492808582
leaf_weight=38 29 21 21 37
leaf_count=38 29 21 21 37
internal_value=0.00195926 0.0158784 0.00449431 -0.00953706
internal_weight=146 108 87 66
internal_count=146 108 87 66
is_linear=0
shrinkage=0.05


Tree=54
num_leaves=5
num_cat=0
split_feature=1 5 0 2
split_gain=31.0581 39.7677 18.418 10.9401
threshold=0.095938981053092703 -0.51061603764296615 -0.052178855134359652 -0.23271607285812076
decision_type=2 2 2 2
left_child=1 -1 -2 -3
right_child=2 3 -4 -5
leaf_value=-0.078960179483207563 -0.0010026430916588974 -0.023033383271346491 0.049974995307825711 0.022257635879019896
leaf_weight=21 34 24 37 30
leaf_count=21 34 24 37 30
internal_value=0.00186129 -0.0205765 0.0255632 0.00212829
internal_weight=146 75 71 54
internal_count=146 75 71 54
is_linear=0
shrinkage=0.05


Tree=55
num_leaves=6
num_cat=0
split_feature=4 9 2 6 8
split_gain=35.9103 25.2587 14.6471 15.5115 12.8569
threshold=0.62169092603662379 -0.5494798821822714 -0.23271607285812076 -0.026037665120252674 0.19081536654438752
decision_type=2 2 2 2 2
left_child=1 -1 -3 -4 -2
right_child=4 2 3 -5 -6
leaf_value=-0.051999381842712571 0.01508536908817901 -0.023033724575200018 -0.0079631763868607021 0.04777980777435005 0.070476103657856587
leaf_weight=30 22 36 26 24 20
leaf_count=30 22 36 26 24 20
internal_value=0.00184733 -0.0124959 0.0012844 0.0187935 0.0414619
internal_weight=158 116 86 50 42
internal_count=158 116 86 50 42
is_linear=0
shrinkage=0.05


Tree=56
num_leaves=6
num_cat=0
split_feature=4 3 9 5 8
split_gain=32.409 29.2628 16.2044 13.8133 11.6034
threshold=0.62169092603662379 -0.99391283578721101 0.44615561411872778 -0.70876392157612755 0.19081536654438752
decision_type=2 2 2 2 2
left_child=1 -1 3 -3 -2
right_child=4 2 -4 -5 -6
leaf_value=-0.065284629547525022 0.014331101299797989 -0.049978412427008151 0.026372299973930542 0.0011306690213342128 0.066952298129908744
leaf_weight=21 22 20 36 39 20
leaf_count=21 22 20 36 39 20
internal_value=0.00175496 -0.0118711 -6.3888e-05 -0.0161944 0.0393888
internal_weight=158 116 95 59 42
internal_count=158 116 95 59 42
is_linear=0
shrinkage=0.05


Tree=57
num_leaves=7
num_cat=0
split_feature=4 3 1 7 5 2
split_gain=29.2491 26.4097 15.0399 10.78 7.38097 4.18457
threshold=0.62169092603662379 -0.99391283578721101 -0.91401970063946847 0.24992221560320146 1.0000000180025095e-35 -0.0097840681389136167
decision_type=2 2 2 2 2 2
left_child=1 -1 -3 5 -2 -4
right_child=4 2 3 -5 -6 -7
leaf_value=-0.062020397612026761 0.017434301311996851 -0.037406060525349213 -0.020372408648571847 0.03430954432114959 0.059402952583041048 0.010129459979741471
leaf_weight=21 22 21 22 29 20 23
leaf_count=21 22 21 22 29 20 23
internal_value=0.00166721 -0.0112775 -6.06936e-05 0.0105373 0.0374194 -0.00478256
internal_weight=158 116 95 74 42 45
internal_count=158 116 95 74 42 45
is_linear=0
shrinkage=0.05


Tree=58
num_leaves=7
num_cat=0
split_feature=4 3 5 8 2 9
split_gain=26.5542 23.9288 17.7848 13.3754 8.53087 4.12246
threshold=0.54605715478692607 -0.99391283578721101 -0.70876392157612755 0.03016126259811297 -0.23271607285812076 0.42955845327281278
decision_type=2 2 2 2 2 2
left_child=1 -1 -3 -2 -4 -6
right_child=3 2 4 -5 5 -7
leaf_value=-0.06127367571461946 0.0034054105835301541 -0.034027176782754916 -0.010398819504062767 0.057056263676629616 0.011765391677618028 0.043868573689833289
leaf_weight=20 21 28 23 26 20 20
leaf_count=20 21 28 23 26 20 20
internal_value=0.00158385 -0.0117543 -0.000870928 0.0330846 0.0138652 0.027817
internal_weight=158 111 91 47 63 40
internal_count=158 111 91 47 63 40
is_linear=0
shrinkage=0.05


Tree=59
num_leaves=6
num_cat=0
split_feature=4 3 9 5 5
split_gain=24.028 21.6181 13.4203 11.3431 6.48728
threshold=0.62169092603662379 -0.99391283578721101 0.44615561411872778 -0.70876392157612755 1.0000000180025095e-35
decision_type=2 2 2 2 2
left_child=1 -1 3 -3 -2
right_child=4 2 -4 -5 -6
leaf_value=-0.056137431874161675 0.015172978134995158 -0.045373713001608855 0.023978649866249827 0.00094055912863367651 0.054518881291151046
leaf_weight=21 22 20 36 39 20
leaf_count=21 22 20 36 39 20
internal_value=0.00150466 -0.010228 -7.95901e-05 -0.0147592 0.0339091
internal_weight=158 116 95 59 42
internal_count=158 116 95 59 42
is_linear=0
shrinkage=0.05


Tree=60
num_leaves=6
num_cat=0
split_feature=3 1 6 5 5
split_gain=25.1196 15.7746 14.1388 9.89468 9.38008
threshold=0.9379282452022929 1.0000000180025095e-35 -0.68227132361849663 -0.30228676680383432 0.10867640870088148
decision_type=2 2 2 2 2
left_child=1 4 -3 -4 -1
right_child=-2 2 3 -5 -6
leaf_value=-0.046135579904408329 0.046378995079014988 -0.023475383526899599 0.0027600685502402484 0.04770629433915019 -0.0055629920535560312
leaf_weight=28 28 22 25 24 29
leaf_count=28 28 22 25 24 29
internal_value=0.00348066 -0.00590335 0.00982386 0.0247745 -0.0254934
internal_weight=156 128 71 49 57
internal_count=156 128 71 49 57
is_linear=0
shrinkage=0.05


Tree=61
num_leaves=6
num_cat=0
split_feature=3 4 0 1 0
split_gain=22.6705 15.291 22.2815 9.07101 4.54771
threshold=0.9379282452022929 0.96924793133103659 -0.29468738613776796 0.5700380129846615 0.44479518103585119
decision_type=2 2 2 2 2
left_child=1 2 -1 4 -4
right_child=-2 -3 3 -5 -6
leaf_value=-0.051944947551036708 0.044060044682451657 0.025626377591725032 -0.028696487877856603 0.02678431716154922 0.002473306130617857
leaf_weight=29 28 30 22 22 25
leaf_count=29 28 30 22 22 25
internal_value=0.00330663 -0.00560818 -0.0151698 0.000286448 -0.0121168
internal_weight=156 128 98 69 47
internal_count=156 128 98 69 47
is_linear=0
shrinkage=0.05


Tree=62
num_leaves=6
num_cat=0
split_feature=7 3 7 3 1
split_gain=22.5906 19.4639 14.2652 10.0449 3.96608
threshold=-0.71341139243060037 -1.169605768405577 0.6329917431183737 0.89588184640498669 0.15908064658775997
decision_type=2 2 2 2 2
left_child=-1 -2 3 4 -3
right_child=1 2 -4 -5 -6
leaf_value=-0.033592607617152458 -0.032140646241605279 -0.018251456271695055 0.048862138067753143 0.038932910710573199 0.010003185303260883
leaf_weight=33 20 23 33 20 27
leaf_count=33 20 23 33 20 27
internal_value=0.0031413 0.0129967 0.0217613 0.00898515 -0.00299395
internal_weight=156 123 103 70 50
internal_count=156 123 103 70 50
is_linear=0
shrinkage=0.05


Tree=63
num_leaves=6
num_cat=0
split_feature=7 1 3 4 0
split_gain=20.4402 14.4699 14.8827 10.4688 9.35785
threshold=0.090938836482463523 -0.41796661833308008 -0.10777907911498323 -0.44584297730777572 0.31613239052413888
decision_type=2 2 2 2 2
left_child=3 -2 -3 -1 -5
right_child=1 2 -4 4 -6
leaf_value=-0.046308453499805183 -0.011220285715535284 0.0071689693033695229 0.059811723996596095 -0.019488552967841563 0.022300399520567487
leaf_weight=20 24 25 29 37 21
leaf_count=20 24 25 29 37 21
internal_value=0.00298423 0.021083 0.0354401 -0.0151146 -0.00435807
internal_weight=156 78 54 78 58
internal_count=156 78 54 78 58
is_linear=0
shrinkage=0.05


Tree=64
num_leaves=6
num_cat=0
split_feature=3 4 0 2 8
split_gain=18.2986 14.9458 14.2411 11.872 18.5836
threshold=0.16054331713988723 0.68601774066871213 0.38632202673513577 -0.5953662004477126 0.50244140064858323
decision_type=2 2 2 2 2
left_child=1 2 -1 -2 -5
right_child=3 -3 -4 4 -6
leaf_value=-0.053068340781690752 -0.0068499411145846057 0.016663158928545623 -0.00038418259633624037 0.0099098316123408664 0.071729137971997259
leaf_weight=29 27 26 23 31 20
leaf_count=29 27 26 23 31 20
internal_value=0.00283502 -0.0142894 -0.0297657 0.0199595 0.0341527
internal_weight=156 78 52 78 51
internal_count=156 78 52 78 51
is_linear=0
shrinkage=0.05


Tree=65
num_leaves=7
num_cat=0
split_feature=8 2 3 8 3 8
split_gain=15.2521 20.4628 11.7622 9.59534 8.32094 4.89885
threshold=-0.89775812666165555 -0.50697985439899773 -0.71552542744054604 0.55548577348289541 0.16054331713988723 -0.086510780692153996
decision_type=2 2 2 2 2 2
left_child=-1 4 -3 5 -2 -4
right_child=1 2 3 -5 -6 -7
leaf_value=-0.04603880097468694 -0.051775236502289768 -0.015953327395021918 0.026187229864299302 0.047266042729218805 -0.0088775885255577471 -0.0088086449244292458
leaf_weight=21 20 25 20 27 26 20
leaf_count=21 20 25 20 27 26 20
internal_value=-0.00634098 -0.000300003 0.0133144 0.0242351 -0.0275287 0.00868929
internal_weight=159 138 92 67 46 40
internal_count=159 138 92 67 46 40
is_linear=0
shrinkage=0.05


Tree=66
num_leaves=7
num_cat=0
split_feature=0 3 4 1 1 9
split_gain=20.7896 13.4261 12.4117 9.93394 9.05438 4.20104
threshold=0.88093482979839177 0.077262375494543192 0.7347419871540064 0.05191326338887798 0.37645805247457781 0.58255486527867095
decision_type=2 2 2 2 2 2
left_child=1 2 3 -1 5 -3
right_child=-2 4 -4 -5 -6 -7
leaf_value=-0.065779764174173277 0.041639712788164619 -0.023299286204079787 0.0021280228752981532 -0.019264788589101623 0.027312665386125447 0.0069350607320666311
leaf_weight=24 20 27 22 22 24 20
leaf_count=24 20 27 22 22 24 20
internal_value=-0.00602393 -0.012882 -0.0287606 -0.0435335 0.0023257 -0.0104336
internal_weight=159 139 68 46 71 47
internal_count=159 139 68 46 71 47
is_linear=0
shrinkage=0.05


Tree=67
num_leaves=6
num_cat=0
split_feature=0 7 3 1 2
split_gain=18.7626 12.581 11.0776 7.55402 4.2623
threshold=0.88093482979839177 -0.71341139243060037 -1.169605768405577 -0.41796661833308008 -0.0097840681389136167
decision_type=2 2 2 2 2
left_child=1 -1 -3 -4 -5
right_child=-2 2 3 4 -6
leaf_value=-0.038672701609047025 0.039557726932689552 -0.035222798755223099 -0.016457657469436528 -0.00037345268453160921 0.027692964186351143
leaf_weight=34 20 22 28 24 31
leaf_count=34 20 22 28 24 31
internal_value=-0.00572273 -0.0122379 -0.00367807 0.00468319 0.0154458
internal_weight=159 139 105 83 55
internal_count=159 139 105 83 55
is_linear=0
shrinkage=0.05


Tree=68
num_leaves=7
num_cat=0
split_feature=0 3 1 4 7 9
split_gain=16.9333 11.7573 10.943 10.313 6.2218 5.06729
threshold=0.88093482979839177 -0.41325862778101113 0.095938981053092703 0.073151886678842634 -0.14323352037145445 0.34649617881435429
decision_type=2 2 2 2 2 2
left_child=1 3 5 -1 -4 -3
right_child=-2 2 4 -5 -6 -7
leaf_value=-0.055630573090583439 0.037579840819817037 -0.035784381645775978 -0.000328286688612855 -0.010068581322277035 0.037803167253732686 -0.0024680487811565401
leaf_weight=23 20 21 23 27 20 25
leaf_count=23 20 21 23 27 20 25
internal_value=-0.00543659 -0.011626 -0.000726522 -0.0310271 0.0174073 -0.0176777
internal_weight=159 139 89 50 43 46
internal_count=159 139 89 50 43 46
is_linear=0
shrinkage=0.05


Tree=69
num_leaves=7
num_cat=0
split_feature=0 4 1 5 2 9
split_gain=15.2823 11.1098 10.8559 11.9631 7.53944 3.82409
threshold=0.88093482979839177 0.99842456874505925 0.21207313837254302 -0.40997616957200933 -0.0097840681389136167 0.17499900215754285
decision_type=2 2 2 2 2 2
left_child=1 2 3 -1 -4 -5
right_child=-2 -3 4 5 -6 -7
leaf_value=-0.062625347725337455 0.035700848778360522 0.015899726115167139 -0.0205685670402917 -0.031846715270408561 0.020373562950155008 -0.0020171142945235427
leaf_weight=21 20 30 22 21 23 22
leaf_count=21 20 30 22 21 23 22
internal_value=-0.00516476 -0.0110447 -0.0184606 -0.031692 0.000357411 -0.0165851
internal_weight=159 139 109 64 45 43
internal_count=159 139 109 64 45 43
is_linear=0
shrinkage=0.05


Tree=70
num_leaves=7
num_cat=0
split_feature=7 2 3 0 3 1
split_gain=18.0387 16.3833 10.9154 14.1078 6.84339 4.20618
threshold=0.6329917431183737 0.84915158609537189 0.76985824797947133 -0.29468738613776796 -0.30214173921178183 0.2261832294637203
decision_type=2 2 2 2 2 2
left_child=1 2 3 -1 -2 -5
right_child=4 -3 -4 5 -6 -7
leaf_value=-0.062366163536258373 0.0073358130175620317 0.024373846282609381 0.0094650741018678843 -0.027249391357015287 0.04869821406900883 0.0027726641111075877
leaf_weight=23 20 26 23 28 20 20
leaf_count=23 20 26 23 28 20 20
internal_value=-0.00106159 -0.0107545 -0.0204708 -0.0301683 0.028017 -0.0147402
internal_weight=160 120 94 71 40 48
internal_count=160 120 94 71 40 48
is_linear=0
shrinkage=0.05


Tree=71
num_leaves=7
num_cat=0
split_feature=7 3 0 1 3 8
split_gain=16.2799 14.8607 10.7228 6.53052 6.17616 1.70886
threshold=0.6329917431183737 0.89588184640498669 -0.29468738613776796 -0.54902232878446267 -0.30214173921178183 -0.20301925959018766
decision_type=2 2 2 2 2 2
left_child=1 2 -1 -4 -2 -5
right_child=4 -3 3 5 -6 -7
leaf_value=-0.045552021265029913 0.0069690221641212705 0.025917658744298896 -0.031788446619785173 -0.0097059962525963793 0.046263303942978388 0.0092919907179372079
leaf_weight=27 20 23 21 20 20 29
leaf_count=27 20 23 21 20 20 29
internal_value=-0.00100851 -0.0102167 -0.0187847 -0.00846014 0.0266162 0.00153771
internal_weight=160 120 97 70 40 49
internal_count=160 120 97 70 40 49
is_linear=0
shrinkage=0.05


Tree=72
num_leaves=6
num_cat=0
split_feature=5 2 6 9 5
split_gain=16.0554 13.8329 13.9036 6.41664 1.83539
threshold=-0.94557682408691746 -0.5953662004477126 -0.78551852212223794 0.44615561411872778 0.23629185763565272
decision_type=2 2 2 2 2
left_child=-1 -2 -3 4 -4
right_child=1 2 3 -5 -6
leaf_value=-0.032029786542283771 -0.018620567612752721 -0.012323204917764223 0.0077511293441057203 0.05160511390751471 0.029171843142248688
leaf_weight=33 37 27 20 23 20
leaf_count=33 37 27 20 23 20
internal_value=-0.000958084 0.00711567 0.0176961 0.0305615 0.0184615
internal_weight=160 127 90 63 40
internal_count=160 127 90 63 40
is_linear=0
shrinkage=0.05


Tree=73
num_leaves=7
num_cat=0
split_feature=4 0 9 3 7 6
split_gain=16.2949 13.0069 7.47335 6.76107 2.90217 2.16145
threshold=0.99842456874505925 0.20174610904112131 -0.21078200449219345 0.61047800535864416 -0.085584269725811318 -0.026037665120252674
decision_type=2 2 2 2 2 2
left_child=1 2 -1 5 -4 -3
right_child=-2 3 4 -5 -6 -7
leaf_value=-0.046920813548301042 0.029807061710230572 -0.015445674751840888 -0.025421318206936123 0.031217631725594403 0.0011919774447700807 0.0075216043740510942
leaf_weight=24 34 21 20 20 21 20
leaf_count=24 34 21 20 20 21 20
internal_value=-0.000910179 -0.00919896 -0.0247615 0.00738403 -0.0117901 -0.00424212
internal_weight=160 126 65 61 41 41
internal_count=160 126 65 61 41 41
is_linear=0
shrinkage=0.05


Tree=74
num_leaves=6
num_cat=0
split_feature=4 5 2 3 6
split_gain=14.7062 13.7386 9.5724 9.46654 7.02255
threshold=0.99842456874505925 -0.94557682408691746 -0.5953662004477126 0.64929359550426968 -0.56054493692494511
decision_type=2 2 2 2 2
left_child=1 -1 -3 4 -4
right_child=-2 2 3 -5 -6
leaf_value=-0.042775932202736539 0.028316708382386854 -0.025032365142271435 -0.025760484460624868 0.037257150611618446 0.012007972090214026
leaf_weight=24 34 29 20 21 32
leaf_count=24 34 29 20 21 32
internal_value=-0.000864671 -0.00873901 -0.000730324 0.00892391 -0.00251836
internal_weight=160 126 102 73 52
internal_count=160 126 102 73 52
is_linear=0
shrinkage=0.05


Tree=75
num_leaves=5
num_cat=0
split_feature=5 0 8 6
split_gain=15.6792 16.4579 4.38709 2.02079
threshold=1.0804143956346353 -0.34221841684899362 0.55548577348289541 0.09822093142153214
decision_type=2 2 2 2
left_child=1 -1 3 -3
right_child=-2 2 -4 -5
leaf_value=-0.03454554601439408 0.038780042384557123 -0.0096193441804239745 0.021733946169341177 0.0076493150525493549
leaf_weight=35 24 36 29 32
leaf_count=35 24 36 29 32
internal_value=0.00160508 -0.005154 0.0054512 -0.00149292
internal_weight=156 132 97 68
internal_count=156 132 97 68
is_linear=0
shrinkage=0.05


Tree=76
num_leaves=6
num_cat=0
split_feature=5 0 4 6 5
split_gain=14.1504 14.8533 4.08953 5.57077 3.20588
threshold=1.0804143956346353 -0.34221841684899362 -0.57664086564752604 -0.74998119518122008 0.043514119680015603
decision_type=2 2 2 2 2
left_child=1 -1 -3 -4 -5
right_child=-2 2 3 4 -6
leaf_value=-0.032818268989878045 0.036841039681166879 -0.014352068420322169 -0.012076375279575587 0.0097482610364548038 0.034715568735264241
leaf_weight=35 24 21 20 36 20
leaf_count=35 24 21 20 36 20
internal_value=0.00152483 -0.0048963 0.00517864 0.0105753 0.0186652
internal_weight=156 132 97 76 56
internal_count=156 132 97 76 56
is_linear=0
shrinkage=0.05


Tree=77
num_leaves=6
num_cat=0
split_feature=0 6 4 0 1
split_gain=12.2612 12.9958 7.10045 3.16486 0.980041
threshold=-0.91082395872963107 0.58050015625325202 -0.62815346043226439 0.33468831985443565 0.44846295946048026
decision_type=2 2 2 2 2
left_child=-1 2 -2 4 -4
right_child=1 -3 3 -5 -6
leaf_value=-0.032259685100744603 -0.027833836525678637 0.033430980352817906 -0.012142636645585299 0.016365738234975759 0.002991144602065501
leaf_weight=23 21 35 20 34 23
leaf_count=23 21 35 20 34 23
internal_value=0.00144859 0.00727784 -0.00206257 0.00496596 -0.00404782
internal_weight=156 133 98 77 43
internal_count=156 133 98 77 43
is_linear=0
shrinkage=0.05


Tree=78
num_leaves=6
num_cat=0
split_feature=5 0 2 6 7
split_gain=12.8244 12.3595 4.05072 3.11525 2.62283
threshold=1.0804143956346353 -0.34221841684899362 -0.02855393123849061 0.023307545217260705 0.290393031021634
decision_type=2 2 2 2 2
left_child=1 -1 4 -4 -3
right_child=-2 2 3 -5 -6
leaf_value=-0.03020709899919374 0.034996937029063702 -0.020546895259176384 0.002681266859872267 0.026237672839313747 0.0050599107146263129
leaf_weight=35 24 20 32 25 20
leaf_count=35 24 20 32 25 20
internal_value=0.00137616 -0.00473671 0.00445364 0.013013 -0.00774349
internal_weight=156 132 97 57 40
internal_count=156 132 97 57 40
is_linear=0
shrinkage=0.05


Tree=79
num_leaves=5
num_cat=0
split_feature=5 0 8 4
split_gain=11.574 11.1545 3.78034 2.84178
threshold=1.0804143956346353 -0.34221841684899362 0.55548577348289541 1.0000000180025095e-35
decision_type=2 2 2 2
left_child=1 -1 3 -3
right_child=-2 2 -4 -5
leaf_value=-0.028696744324905533 0.033247091248631476 -0.012741691737689756 0.019345836521222674 0.0077099742820220338
leaf_weight=35 24 33 29 35
leaf_count=35 24 33 29 35
internal_value=0.00130735 -0.00449988 0.00423095 -0.0022151
internal_weight=156 132 97 68
internal_count=156 132 97 68
is_linear=0
shrinkage=0.05


Tree=80
num_leaves=6
num_cat=0
split_feature=7 0 8 1 2
split_gain=15.8683 14.5605 9.59718 5.39623 3.37149
threshold=1.1905476249262537 0.98143087147855501 0.26355740789669246 0.095938981053092703 -0.15907034707281484
decision_type=2 2 2 2 2
left_child=1 2 3 -1 -4
right_child=-2 -3 4 -5 -6
leaf_value=-0.04013709114515223 0.038282828338976421 0.031346645944286142 -0.013126665946964006 -0.012760535499546678 0.012643123172068347
leaf_weight=36 21 20 22 36 30
leaf_count=36 21 20 22 36 30
internal_value=-0.00232082 -0.00824218 -0.0146275 -0.0264488 0.00174052
internal_weight=165 144 124 72 52
internal_count=165 144 124 72 52
is_linear=0
shrinkage=0.05


Tree=81
num_leaves=7
num_cat=0
split_feature=7 0 9 3 5 5
split_gain=14.3212 13.1408 9.22799 5.45488 4.16552 1.72814
threshold=1.1905476249262537 0.98143087147855501 1.0488763493098834 0.077262375494543192 -0.32841085252614405 -0.11031858078721309
decision_type=2 2 2 2 2 2
left_child=1 2 3 4 -1 -5
right_child=-2 -3 -4 5 -6 -7
leaf_value=-0.050018889475613837 0.036368686643739538 0.02977931287139654 0.016311879314127423 -0.017977525477763264 -0.01966728765087632 -0.00054124359869294695
leaf_weight=20 21 20 21 30 26 27
leaf_count=20 21 20 21 30 26 27
internal_value=-0.00220478 -0.00783008 -0.0138961 -0.020055 -0.0328636 -0.00971823
internal_weight=165 144 124 103 46 57
internal_count=165 144 124 103 46 57
is_linear=0
shrinkage=0.05


Tree=82
num_leaves=6
num_cat=0
split_feature=7 0 8 1 2
split_gain=12.9248 11.8596 8.52135 5.00228 3.05241
threshold=1.1905476249262537 0.98143087147855501 0.26355740789669246 0.095938981053092703 -0.15907034707281484
decision_type=2 2 2 2 2
left_child=1 2 3 -1 -4
right_child=-2 -3 4 -5 -6
leaf_value=-0.037519528551234138 0.034550251758524352 0.02829034713096917 -0.011924154095521028 -0.011161199083047298 0.012595877225200336
leaf_weight=36 21 20 22 36 30
leaf_count=36 21 20 22 36 30
internal_value=-0.00209454 -0.00743857 -0.0132013 -0.0243404 0.00222202
internal_weight=165 144 124 72 52
internal_count=165 144 124 72 52
is_linear=0
shrinkage=0.05


Tree=83
num_leaves=7
num_cat=0
split_feature=7 0 9 1 3 4
split_gain=11.6647 10.7033 8.36414 5.16547 4.89264 1.38127
threshold=1.1905476249262537 0.98143087147855501 1.0488763493098834 -0.67938351361349336 0.077262375494543192 0.073151886678842634
decision_type=2 2 2 2 2 2
left_child=1 2 3 -1 -5 -6
right_child=-2 -3 -4 4 5 -7
leaf_value=-0.039287533262825532 0.032822740237627712 0.026875830907374623 0.016218094882510959 -0.025730991602648759 -0.0092875281348824505 0.0086789956322172648
leaf_weight=23 21 20 21 37 23 20
leaf_count=23 21 20 21 37 23 20
internal_value=-0.00198981 -0.00706664 -0.0125412 -0.0184048 -0.012401 -0.000931005
internal_weight=165 144 124 103 80 43
internal_count=165 144 124 103 80 43
is_linear=0
shrinkage=0.05


Tree=84
num_leaves=7
num_cat=0
split_feature=0 8 7 2 8 2
split_gain=10.8641 12.0561 8.34583 6.76403 4.31813 1.55504
threshold=-0.91082395872963107 -0.68339916026339831 0.73601009496295655 -0.50697985439899773 0.42837544121092652 0.51305485367989789
decision_type=2 2 2 2 2 2
left_child=-1 -2 3 -3 5 -5
right_child=1 2 -4 4 -6 -7
leaf_value=-0.031555362977087498 -0.027040087804198268 -0.018388870432972909 0.036888994610247514 -0.0076379443146288393 0.029047577983389302 0.012079075505025686
leaf_weight=26 26 25 24 20 24 20
leaf_count=26 26 25 24 20 24 20
internal_value=-0.00189032 0.00365853 0.0107219 0.00366565 0.0122807 0.00222057
internal_weight=165 139 113 89 64 40
internal_count=165 139 113 89 64 40
is_linear=0
shrinkage=0.05


Tree=85
num_leaves=6
num_cat=0
split_feature=4 7 1 0 1
split_gain=11.4934 7.02642 5.84221 4.00225 2.452
threshold=-0.44584297730777572 0.090938836482463523 -0.77275446184313845 0.30792615419808073 0.28337274941351642
decision_type=2 2 2 2 2
left_child=1 -1 -2 4 -4
right_child=2 -3 3 -5 -6
leaf_value=-0.041635005405017488 -0.016969322980869384 -0.0033748735673725608 0.016496854009372848 0.024652839706916559 -0.0056310867470118313
leaf_weight=24 21 24 21 38 31
leaf_count=24 21 24 21 38 31
internal_value=-0.00206236 -0.0225049 0.00677768 0.0123186 0.0033052
internal_weight=159 48 111 90 52
internal_count=159 48 111 90 52
is_linear=0
shrinkage=0.05


Tree=86
num_leaves=6
num_cat=0
split_feature=1 4 2 0 1
split_gain=10.5575 7.29422 5.05861 3.45598 2.29381
threshold=-1.1268469315275487 -0.44584297730777572 -0.89084222374334454 0.30792615419808073 0.28337274941351642
decision_type=2 2 2 2 2
left_child=-1 -2 -3 4 -4
right_child=1 2 3 -5 -6
leaf_value=-0.030446860505509432 -0.016490135703122976 -0.011809191964566708 0.01805441455746239 0.027770007877714106 -0.0050482289422126049
leaf_weight=27 33 20 22 36 21
leaf_count=27 33 20 22 36 21
internal_value=-0.00195924 0.00386777 0.0106537 0.0163406 0.00677173
internal_weight=159 132 99 79 43
internal_count=159 132 99 79 43
is_linear=0
shrinkage=0.05


Tree=87
num_leaves=6
num_cat=0
split_feature=1 4 2 0 1
split_gain=9.52811 6.58304 4.56539 3.11902 2.07016
threshold=-1.1268469315275487 -0.44584297730777572 -0.89084222374334454 0.30792615419808073 0.28337274941351642
decision_type=2 2 2 2 2
left_child=-1 -2 -3 4 -4
right_child=1 2 3 -5 -6
leaf_value=-0.028924517678441827 -0.015665629387579181 -0.011218731906265021 0.01715169379656965 0.026381507438297078 -0.0047958174099524825
leaf_weight=27 33 20 22 36 21
leaf_count=27 33 20 22 36 21
internal_value=-0.00186128 0.00367439 0.0101211 0.0155235 0.00643314
internal_weight=159 132 99 79 43
internal_count=159 132 99 79 43
is_linear=0
shrinkage=0.05


Tree=88
num_leaves=6
num_cat=0
split_feature=4 7 5 2 3
split_gain=8.49838 6.36114 4.88641 3.97271 2.34105
threshold=-0.44584297730777572 0.090938836482463523 0.42917437219935917 -0.0097840681389136167 -0.10777907911498323
decision_type=2 2 2 2 2
left_child=1 -1 3 -2 -5
right_child=2 -3 -4 4 -6
leaf_value=-0.037548572542921953 -0.013415117851857629 -0.0011447482470733426 0.022316488955402749 -0.002913187732476564 0.020177053676351257
leaf_weight=24 35 24 32 21 23
leaf_count=24 35 24 32 21 23
internal_value=-0.00176821 -0.0193467 0.00583328 -0.000843466 0.00915671
internal_weight=159 48 111 79 44
internal_count=159 48 111 79 44
is_linear=0
shrinkage=0.05


Tree=89
num_leaves=6
num_cat=0
split_feature=1 7 3 4 5
split_gain=8.38099 7.0542 5.89076 3.67463 1.32813
threshold=-1.1268469315275487 0.090938836482463523 -0.10777907911498323 -0.28174016309892996 1.0000000180025095e-35
decision_type=2 2 2 2 2
left_child=-1 3 -3 -2 -5
right_child=1 2 -4 4 -6
leaf_value=-0.027061708719918021 -0.025593443016987294 -0.00042697681114077567 0.030186197615517871 -0.0079032810978018325 0.0085911513994569363
leaf_weight=27 20 30 33 26 23
leaf_count=27 20 30 33 26 23
internal_value=-0.0016798 0.00351195 0.0156085 -0.00753272 -0.000160996
internal_weight=159 132 63 69 49
internal_count=159 132 63 69 49
is_linear=0
shrinkage=0.05


Tree=90
num_leaves=6
num_cat=0
split_feature=1 5 0 7 3
split_gain=9.01305 9.33574 7.19896 4.66837 3.99098
threshold=0.21207313837254302 -0.476704862485478 -0.19940232556031093 0.13337250657579211 0.33740704005179606
decision_type=2 2 2 2 2
left_child=1 -1 -2 -4 -3
right_child=2 4 3 -5 -6
leaf_value=-0.038642107075653402 -0.012962318300692874 -0.014223198541863401 0.0062666241545230152 0.037789961047794508 0.011970231381173318
leaf_weight=26 22 33 24 23 26
leaf_count=26 22 33 24 23 26
internal_value=-0.00278206 -0.0136804 0.0106434 0.0216929 -0.00268033
internal_weight=154 85 69 47 59
internal_count=154 85 69 47 59
is_linear=0
shrinkage=0.05


Tree=91
num_leaves=5
num_cat=0
split_feature=1 5 2 5
split_gain=8.13427 8.4255 6.73016 3.77162
threshold=0.21207313837254302 -0.476704862485478 0.068790183900552623 0.68138907804659132
decision_type=2 2 2 2
left_child=1 -1 -2 -3
right_child=2 3 -4 -5
leaf_value=-0.036710001734228663 -0.0057322916876086424 -0.011944101701833701 0.025502146962764007 0.014459204895510561
leaf_weight=26 34 38 35 21
leaf_count=26 34 38 35 21
internal_value=-0.00264296 -0.0129964 0.0101113 -0.00254631
internal_weight=154 85 69 59
internal_count=154 85 69 59
is_linear=0
shrinkage=0.05


Tree=92
num_leaves=5
num_cat=0
split_feature=0 3 1 9
split_gain=7.60162 7.74079 5.92611 3.69748
threshold=-0.91082395872963107 -0.4846092320380862 0.44846295946048026 0.51055159470149003
decision_type=2 2 2 2
left_child=-1 -2 3 -3
right_child=1 2 -4 -5
leaf_value=-0.028364876007738835 -0.016374891991607656 -0.011571165694234272 0.027165342319869636 0.013692567653820984
leaf_weight=24 39 30 33 28
leaf_count=24 39 30 33 28
internal_value=-0.00251081 0.00226225 0.0102496 0.000625119
internal_weight=154 130 91 58
internal_count=154 130 91 58
is_linear=0
shrinkage=0.05


Tree=93
num_leaves=5
num_cat=0
split_feature=9 1 5 2
split_gain=7.14903 8.77865 4.92825 3.65344
threshold=1.0928491851967055 1.0000000180025095e-35 -0.32841085252614405 0.068790183900552623
decision_type=2 2 2 2
left_child=1 2 -1 -3
right_child=-2 3 -4 -5
leaf_value=-0.040893901538636007 0.01998078283564798 -0.0061625682981684806 -0.010850422428204463 0.017570698142780231
leaf_weight=21 29 34 39 31
leaf_count=21 29 34 39 31
internal_value=-0.00238527 -0.00757419 -0.0213656 0.00515637
internal_weight=154 125 60 65
internal_count=154 125 60 65
is_linear=0
shrinkage=0.05


Tree=94
num_leaves=7
num_cat=0
split_feature=0 1 5 7 4 9
split_gain=6.86296 6.48047 5.7764 4.03918 2.41135 2.03988
threshold=-0.29468738613776796 0.37645805247457781 0.13546904780756616 0.13337250657579211 -0.34860813675483643 0.62450880340747905
decision_type=2 2 2 2 2 2
left_child=2 4 -1 -3 -2 -6
right_child=1 3 -4 -5 5 -7
leaf_value=-0.03549314562696964 -0.018298163896669512 0.0043460660126237649 0.00089034800650551922 0.035357507260604985 -0.0079183702822774645 0.013505285675637425
leaf_weight=24 23 21 20 21 25 20
leaf_count=24 23 21 20 21 25 20
internal_value=-0.00226601 0.00440967 -0.0189552 0.0198518 -0.00512811 0.00160325
internal_weight=154 110 44 42 68 45
internal_count=154 110 44 42 68 45
is_linear=0
shrinkage=0.05


Tree=95
num_leaves=6
num_cat=0
split_feature=5 1 0 2 0
split_gain=11.5907 9.26907 7.59966 2.42389 2.97724
threshold=1.031484971337769 -0.67938351361349336 -0.2493062976398375 -0.02855393123849061 0.30792615419808073
decision_type=2 2 2 2 2
left_child=1 -1 -3 -4 -5
right_child=-2 2 3 4 -6
leaf_value=-0.030113595288953396 0.032682473200839016 -0.018384381919167938 -0.0010141962149646134 0.0028440639843624509 0.02742348265268707
leaf_weight=29 24 34 32 22 28
leaf_count=29 24 34 32 22 28
internal_value=0.000496975 -0.00483028 0.00149055 0.00973137 0.0166085
internal_weight=169 145 116 82 50
internal_count=169 145 116 82 50
is_linear=0
shrinkage=0.05


Tree=96
num_leaves=6
num_cat=0
split_feature=5 1 0 6 6
split_gain=10.4848 8.44074 6.69509 3.25927 0.921198
threshold=0.93668100993065295 -0.67938351361349336 -0.2493062976398375 0.51431768688918822 -0.78551852212223794
decision_type=2 2 2 2 2
left_child=1 -1 -3 4 -4
right_child=-2 2 3 -5 -6
leaf_value=-0.0294567931534922 0.029679263641054818 -0.01746516307706342 -0.0058585399939190784 0.02442883134353906 0.0073186558043946415
leaf_weight=28 26 34 21 24 36
leaf_count=28 26 34 21 24 36
internal_value=0.000472126 -0.00483826 0.00115581 0.00897203 0.0024639
internal_weight=169 143 115 81 57
internal_count=169 143 115 81 57
is_linear=0
shrinkage=0.05


Tree=97
num_leaves=6
num_cat=0
split_feature=0 6 8 2 3
split_gain=9.78275 13.2742 5.99853 4.19266 2.43258
threshold=-0.79149759693900623 0.58050015625325202 -0.45706740793120976 0.63327937351919183 -0.32684283938280462
decision_type=2 2 2 2 2
left_child=-1 2 -2 4 -4
right_child=1 -3 3 -5 -6
leaf_value=-0.02713942508454676 -0.021160183756640465 0.030984454043209556 -0.016741416095755995 0.023388267630001621 0.0057705278783881419
leaf_weight=27 33 38 20 21 30
leaf_count=27 33 38 20 21 30
internal_value=0.00044852 0.00569411 -0.00354659 0.00464002 -0.00323425
internal_weight=169 142 104 71 50
internal_count=169 142 104 71 50
is_linear=0
shrinkage=0.05


Tree=98
num_leaves=6
num_cat=0
split_feature=5 1 6 2 3
split_gain=9.311 7.46767 5.71683 5.50189 2.90099
threshold=1.031484971337769 -0.67938351361349336 -0.99981677845024264 0.12763358858957993 1.0000000180025095e-35
decision_type=2 2 2 2 2
left_child=1 -1 -3 4 -4
right_child=-2 2 3 -5 -6
leaf_value=-0.027042473984304174 0.02927325434672336 -0.018353148269670782 -0.013870696956291796 0.022264112220019908 0.010094739468363317
leaf_weight=29 24 28 28 37 23
leaf_count=29 24 28 28 37 23
internal_value=0.000426094 -0.00434861 0.00132486 0.00758604 -0.00306276
internal_weight=169 145 116 88 51
internal_count=169 145 116 88 51
is_linear=0
shrinkage=0.05


Tree=99
num_leaves=7
num_cat=0
split_feature=0 6 8 5 2 7
split_gain=8.67132 11.793 4.94604 3.93563 3.04646 2.24342
threshold=-0.79149759693900623 0.51431768688918822 -0.45706740793120976 -0.24514684708746035 -0.25427774992133906 -0.14323352037145445
decision_type=2 2 2 2 2 2
left_child=-1 2 -2 -3 -4 -6
right_child=1 3 4 -5 5 -7
leaf_value=-0.025568771786573866 -0.019720253156441631 0.012085195258259775 -0.010932368924841285 0.043076821044087416 0.0014515721425414085 0.023918628534302117
leaf_weight=27 33 20 23 21 25 20
leaf_count=27 33 20 23 21 25 20
internal_value=0.000404789 0.00534342 -0.00383714 0.027959 0.00387084 0.0114369
internal_weight=169 142 101 41 68 45
internal_count=169 142 101 41 68 45
is_linear=0
shrinkage=0.05


end of trees

feature_importances:
feature_5=58
feature_1=57
feature_0=55
feature_3=52
feature_9=52
feature_2=48
feature_4=48
feature_6=48
feature_8=45
feature_7=39

parameters:
[boosting: gbdt]
[objective: regression]
[metric: rmse]
[tree_learner: serial]
[device_type: cpu]
[data_sample_strategy: bagging]
[data: ]
[valid: ]
[num_iterations: 100]
[learning_rate: 0.05]
[num_leaves: 31]
[num_threads: 0]
[seed: 42]
[deterministic: 0]
[force_col_wise: 0]
[force_row_wise: 0]
[histogram_pool_size: -1]
[max_depth: -1]
[min_data_in_leaf: 20]
[min_sum_hessian_in_leaf: 0.001]
[bagging_fraction: 0.8]
[pos_bagging_fraction: 1]
[neg_bagging_fraction: 1]
[bagging_freq: 5]
[bagging_seed: 400]
[bagging_by_query: 0]
[feature_fraction: 0.9]
[feature_fraction_bynode: 1]
[feature_fraction_seed: 30056]
[extra_trees: 0]
[extra_seed: 12879]
[early_stopping_round: 0]
[early_stopping_min_delta: 0]
[first_metric_only: 0]
[max_delta_step: 0]
[lambda_l1: 0]
[lambda_l2: 0]
[linear_lambda: 0]
[min_gain_to_split: 0]
[drop_rate: 0.1]
[max_drop: 50]
[skip_drop: 0.5]
[xgboost_dart_mode: 0]
[uniform_drop: 0]
[drop_seed: 17869]
[top_rate: 0.2]
[other_rate: 0.1]
[min_data_per_group: 100]
[max_cat_threshold: 32]
[cat_l2: 10]
[cat_smooth: 10]
[max_cat_to_onehot: 4]
[top_k: 20]
[monotone_constraints: ]
[monotone_constraints_method: basic]
[monotone_penalty: 0]
[feature_contri: ]
[forcedsplits_filename: ]
[refit_decay_rate: 0.9]
[cegb_tradeoff: 1]
[cegb_penalty_split: 0]
[cegb_penalty_feature_lazy: ]
[cegb_penalty_feature_coupled: ]
[path_smooth: 0]
[interaction_constraints: ]
[verbosity: -1]
[saved_feature_importance_type: 0]
[use_quantized_grad: 0]
[num_grad_quant_bins: 4]
[quant_train_renew_leaf: 0]
[stochastic_rounding: 1]
[linear_tree: 0]
[max_bin: 255]
[max_bin_by_feature: ]
[min_data_in_bin: 3]
[bin_construct_sample_cnt: 200000]
[data_random_seed: 175]
[is_enable_sparse: 1]
[enable_bundle: 1]
[use_missing: 1]
[zero_as_missing: 0]
[feature_pre_filter: 1]
[pre_partition: 0]
[two_round: 0]
[header: 0]
[label_column: ]
[weight_column: ]
[group_column: ]
[ignore_column: ]
[categorical_feature: ]
[forcedbins_filename: ]
[precise_float_parser: 0]
[parser_config_file: ]
[objective_seed: 16083]
[num_class: 1]
[is_unbalance: 0]
[scale_pos_weight: 1]
[sigmoid: 1]
[boost_from_average: 1]
[reg_sqrt: 0]
[alpha: 0.9]
[fair_c: 1]
[poisson_max_delta_step: 0.7]
[tweedie_variance_power: 1.5]
[lambdarank_truncation_level: 30]
[lambdarank_norm: 1]
[label_gain: ]
[lambdarank_position_bias_regularization: 0]
[eval_at: ]
[multi_error_top_k: 1]
[auc_mu_weights: ]
[num_machines: 1]
[local_listen_port: 12400]
[time_out: 120]
[machine_list_filename: ]
[machines: ]
[gpu_platform_id: -1]
[gpu_device_id: -1]
[gpu_use_dp: 0]
[num_gpu: 1]

end of parameters

pandas_categorical:[]
